Account.Id,EVTMembers,FTMembers,PTMembers,TotalMembers
39786,338,0,0,338
46033,0,0,269,269
46878,263,0,1,264
32696,0,250,0,250
45779,0,225,5,230
45700,1,214,0,215
66030,0,81,87,168
14367,60,102,1,163
28449,139,6,9,154
47255,0,49,96,145
45785,0,126,4,130
40779,0,127,0,127
51547,0,121,0,121
38117,0,119,0,119
32649,0,117,0,117
46343,0,105,10,115
40336,0,107,1,108
14531,0,101,0,101
35775,0,98,0,98
60600,0,96,0,96
52481,0,93,0,93
67597,0,92,1,93
35392,0,86,1,87
36500,0,86,1,87
21422,0,86,0,86
27850,0,86,0,86
44812,0,85,0,85
64633,0,85,0,85
45778,0,84,0,84
64362,0,84,0,84
39497,0,83,0,83
35395,0,82,0,82
69225,0,82,0,82
35357,0,81,0,81
45781,0,81,0,81
67798,0,81,0,81
18509,0,80,0,80
38030,0,80,0,80
49587,0,80,0,80
21885,0,79,0,79
46494,0,79,0,79
59193,0,78,0,78
20077,0,43,34,77
20104,0,46,30,76
32752,0,76,0,76
55621,0,76,0,76
35552,0,75,0,75
35902,0,75,0,75
64783,0,61,14,75
44837,0,73,0,73
59692,0,73,0,73
58454,0,72,0,72
27941,0,70,1,71
39188,0,71,0,71
40930,0,71,0,71
36664,0,70,0,70
45783,0,70,0,70
47257,0,1,69,70
20571,0,69,0,69
62203,0,68,0,68
27849,0,67,0,67
31392,0,0,67,67
22530,0,66,0,66
48521,0,66,0,66
27881,0,65,0,65
62270,0,64,0,64
28965,54,7,0,61
60847,0,59,1,60
32808,0,59,0,59
35435,0,58,0,58
58020,0,58,0,58
29016,0,56,1,57
64739,0,56,0,56
38819,0,55,0,55
38913,0,54,0,54
46694,0,54,0,54
35419,0,53,0,53
41814,0,51,0,51
46534,0,50,0,50
58850,0,50,0,50
62804,0,50,0,50
66803,0,48,2,50
67753,0,50,0,50
54166,0,49,0,49
62387,0,49,0,49
64493,0,49,0,49
17099,0,48,0,48
62312,0,47,0,47
15153,0,46,0,46
15273,0,46,0,46
20694,0,46,0,46
28438,0,46,0,46
38144,0,46,0,46
17109,0,45,0,45
18756,0,45,0,45
35393,0,45,0,45
63148,0,45,0,45
38001,0,44,0,44
60623,0,44,0,44
67700,0,44,0,44
38134,0,43,0,43
21448,0,42,0,42
37403,0,42,0,42
50070,0,42,0,42
60025,0,41,1,42
20690,0,41,0,41
32870,0,41,0,41
38123,0,41,0,41
38136,0,41,0,41
39963,0,41,0,41
46344,0,41,0,41
38094,0,40,0,40
41736,0,40,0,40
48913,0,40,0,40
58860,0,40,0,40
59240,0,40,0,40
62268,0,40,0,40
46934,0,39,0,39
27839,0,38,0,38
36414,0,38,0,38
40255,0,38,0,38
45633,0,38,0,38
57943,0,38,0,38
59520,0,38,0,38
17128,0,37,0,37
29319,0,37,0,37
38126,0,37,0,37
66842,0,37,0,37
32860,0,36,0,36
35697,0,36,0,36
40673,0,36,0,36
46687,0,36,0,36
50459,0,36,0,36
62652,0,36,0,36
67796,0,36,0,36
21405,0,35,0,35
35764,0,35,0,35
64740,0,35,0,35
67227,0,35,0,35
67635,0,35,0,35
26065,0,34,0,34
37406,0,34,0,34
50445,0,34,0,34
58014,0,34,0,34
65764,0,34,0,34
15007,0,33,0,33
49442,0,30,3,33
63394,0,33,0,33
20693,0,32,0,32
42898,0,32,0,32
46706,0,32,0,32
46853,0,32,0,32
52842,0,32,0,32
66527,0,32,0,32
17090,0,31,0,31
35746,0,31,0,31
64850,0,20,11,31
17070,0,30,0,30
18780,0,30,0,30
32856,0,30,0,30
41356,0,30,0,30
46933,0,30,0,30
54096,0,30,0,30
67225,0,30,0,30
21648,0,29,0,29
49209,0,27,2,29
53060,0,29,0,29
58124,0,29,0,29
62329,0,29,0,29
67003,0,29,0,29
18733,0,28,0,28
21376,0,28,0,28
28519,0,28,0,28
30750,0,28,0,28
41177,0,28,0,28
48182,0,28,0,28
62354,0,28,0,28
17118,0,27,0,27
22646,0,27,0,27
28396,0,27,0,27
30196,0,23,4,27
35596,0,27,0,27
45701,0,27,0,27
46931,0,27,0,27
59254,0,27,0,27
62037,0,27,0,27
63225,0,27,0,27
64741,0,27,0,27
67240,0,27,0,27
67534,0,27,0,27
14013,0,26,0,26
18744,0,26,0,26
20054,0,26,0,26
32869,0,26,0,26
36612,0,26,0,26
38108,0,26,0,26
38463,0,26,0,26
38910,0,25,1,26
38949,0,26,0,26
60725,0,26,0,26
61842,0,26,0,26
66492,0,26,0,26
17095,0,25,0,25
28951,0,25,0,25
35582,0,25,0,25
36501,0,25,0,25
37405,0,25,0,25
48966,0,25,0,25
49639,0,25,0,25
52411,0,0,25,25
66237,0,25,0,25
20556,0,22,2,24
21398,0,24,0,24
32667,0,24,0,24
33839,0,23,1,24
38139,0,24,0,24
38149,0,24,0,24
45618,0,24,0,24
48982,0,24,0,24
52377,0,24,0,24
54212,0,24,0,24
54522,0,10,14,24
55041,0,24,0,24
59653,0,24,0,24
65940,0,24,0,24
15004,0,23,0,23
18773,0,23,0,23
27840,0,22,1,23
35427,0,23,0,23
40665,0,23,0,23
46685,0,23,0,23
47374,0,23,0,23
48925,0,23,0,23
59679,0,23,0,23
64948,0,14,9,23
66491,0,23,0,23
32825,0,22,0,22
36756,0,22,0,22
38148,0,22,0,22
38261,0,22,0,22
41776,0,12,10,22
46405,0,22,0,22
46697,0,22,0,22
49916,0,22,0,22
50123,0,22,0,22
57929,0,22,0,22
57938,0,22,0,22
62389,0,22,0,22
67797,0,22,0,22
14419,0,20,1,21
19826,0,21,0,21
20484,0,21,0,21
29431,0,21,0,21
32819,0,21,0,21
33567,0,21,0,21
35546,0,21,0,21
35749,0,21,0,21
38804,0,21,0,21
41699,0,21,0,21
46680,0,21,0,21
46684,0,21,0,21
47340,0,21,0,21
48924,0,21,0,21
51815,0,21,0,21
54649,0,21,0,21
59673,0,21,0,21
62052,0,21,0,21
63734,0,21,0,21
65415,0,21,0,21
65585,0,21,0,21
66273,0,21,0,21
66497,0,21,0,21
15011,0,20,0,20
17071,0,20,0,20
18785,0,19,1,20
20586,0,20,0,20
20623,0,20,0,20
20643,0,20,0,20
28512,0,20,0,20
32776,0,20,0,20
32871,0,20,0,20
32908,0,20,0,20
33833,0,20,0,20
36918,0,20,0,20
40537,0,20,0,20
45555,0,20,0,20
46186,0,20,0,20
46257,0,20,0,20
54322,0,20,0,20
57998,0,20,0,20
63110,0,20,0,20
64070,0,20,0,20
65644,0,20,0,20
21415,0,19,0,19
28446,0,19,0,19
35714,0,19,0,19
36779,0,19,0,19
38151,0,19,0,19
38713,0,19,0,19
39059,0,19,0,19
46299,0,19,0,19
46700,0,19,0,19
46701,0,19,0,19
48192,0,18,1,19
48317,0,17,2,19
53963,0,19,0,19
54161,0,19,0,19
54463,0,19,0,19
58855,0,19,0,19
59594,0,19,0,19
63226,0,19,0,19
67672,0,19,0,19
18605,0,18,0,18
32653,0,18,0,18
40390,0,18,0,18
45017,0,18,0,18
46319,0,18,0,18
52482,0,18,0,18
53071,0,18,0,18
55656,0,18,0,18
58194,0,18,0,18
61026,0,18,0,18
61496,0,18,0,18
63447,0,18,0,18
66495,0,18,0,18
13967,0,17,0,17
20347,0,10,7,17
20950,0,17,0,17
32820,0,17,0,17
33835,0,17,0,17
35681,0,17,0,17
37412,0,17,0,17
45788,0,17,0,17
46704,0,17,0,17
53647,0,17,0,17
56183,0,17,0,17
57921,0,17,0,17
58009,0,17,0,17
58903,0,17,0,17
61040,0,17,0,17
61403,0,17,0,17
62269,0,17,0,17
65643,0,17,0,17
9518,0,16,0,16
20076,0,16,0,16
20632,0,16,0,16
20689,0,16,0,16
20701,0,16,0,16
29013,0,16,0,16
41179,0,16,0,16
45069,0,16,0,16
45071,0,14,2,16
45702,0,16,0,16
54781,0,16,0,16
58010,0,16,0,16
65854,0,15,1,16
66661,16,0,0,16
67031,0,16,0,16
68160,0,16,0,16
68421,0,16,0,16
13482,0,15,0,15
21392,0,15,0,15
21413,0,15,0,15
32654,0,15,0,15
32938,0,15,0,15
38107,0,15,0,15
38145,0,15,0,15
38946,0,15,0,15
49675,0,15,0,15
49903,0,15,0,15
52528,0,15,0,15
52530,0,14,1,15
55880,0,15,0,15
56209,0,15,0,15
57951,0,15,0,15
58001,0,15,0,15
58015,0,15,0,15
59628,0,15,0,15
59686,0,15,0,15
59893,0,7,8,15
61980,0,9,6,15
63381,0,15,0,15
63998,0,15,0,15
64337,0,15,0,15
64406,0,15,0,15
65306,0,7,8,15
66062,0,15,0,15
66750,0,15,0,15
21394,0,14,0,14
25810,0,14,0,14
28428,0,14,0,14
35703,0,14,0,14
38119,0,14,0,14
38254,0,14,0,14
40455,0,14,0,14
40782,0,14,0,14
41475,0,14,0,14
45498,0,14,0,14
46178,0,14,0,14
48604,0,14,0,14
57936,0,14,0,14
58456,0,14,0,14
59700,0,14,0,14
62267,0,14,0,14
62532,0,14,0,14
62977,0,14,0,14
65465,14,0,0,14
65734,0,14,0,14
66438,0,14,0,14
66884,0,14,0,14
67881,0,14,0,14
68341,0,14,0,14
14440,0,13,0,13
14449,0,13,0,13
17084,0,13,0,13
18487,0,13,0,13
18615,0,13,0,13
20584,0,13,0,13
20608,0,13,0,13
21399,0,13,0,13
22620,0,13,0,13
28502,0,13,0,13
28898,0,13,0,13
36644,0,13,0,13
37410,0,13,0,13
38197,0,13,0,13
46966,0,13,0,13
49000,0,13,0,13
50049,0,13,0,13
52714,0,13,0,13
57949,0,13,0,13
58463,0,13,0,13
59670,0,13,0,13
64516,0,13,0,13
64568,0,13,0,13
65329,0,13,0,13
66458,0,13,0,13
66660,0,13,0,13
18451,0,12,0,12
19516,0,12,0,12
20335,0,11,1,12
20337,0,11,1,12
20341,0,11,1,12
20345,0,12,0,12
20612,0,12,0,12
27958,0,11,1,12
28944,0,12,0,12
32701,0,12,0,12
32777,0,12,0,12
34733,0,12,0,12
35566,0,12,0,12
36936,0,12,0,12
38115,0,12,0,12
38245,0,12,0,12
38275,0,12,0,12
45456,0,12,0,12
46088,0,12,0,12
46283,0,12,0,12
46291,0,12,0,12
46301,0,12,0,12
50029,0,12,0,12
53068,0,11,1,12
54085,0,11,1,12
54324,0,12,0,12
54860,0,12,0,12
57860,0,12,0,12
57920,0,12,0,12
57955,0,12,0,12
58438,0,12,0,12
59600,0,12,0,12
59629,0,12,0,12
63048,0,12,0,12
63382,0,12,0,12
64626,0,12,0,12
64786,0,12,0,12
64787,0,12,0,12
68212,0,12,0,12
20861,0,11,0,11
21408,0,11,0,11
32778,0,11,0,11
32809,0,11,0,11
32851,0,11,0,11
34715,0,11,0,11
35562,0,11,0,11
38121,0,11,0,11
38129,0,11,0,11
38137,0,11,0,11
39942,0,11,0,11
41733,0,11,0,11
46282,0,11,0,11
46287,0,11,0,11
46426,0,11,0,11
48916,0,11,0,11
48921,0,11,0,11
49716,0,11,0,11
50217,0,11,0,11
54846,0,11,0,11
55482,0,11,0,11
55554,0,11,0,11
57917,0,11,0,11
57956,0,11,0,11
58349,0,11,0,11
59593,0,11,0,11
60102,0,10,1,11
62016,0,10,1,11
62345,0,11,0,11
65466,11,0,0,11
65976,0,11,0,11
66493,0,11,0,11
68220,0,11,0,11
13803,0,10,0,10
17074,0,10,0,10
17459,0,10,0,10
18589,0,10,0,10
20353,0,9,1,10
20923,0,10,0,10
21442,0,10,0,10
29721,0,10,0,10
30103,0,10,0,10
32780,0,10,0,10
33830,0,10,0,10
34732,0,10,0,10
38110,0,10,0,10
38112,0,10,0,10
40453,0,10,0,10
41702,0,10,0,10
46307,0,10,0,10
46339,0,10,0,10
49035,0,10,0,10
54523,0,10,0,10
55240,0,10,0,10
55838,0,10,0,10
56081,0,10,0,10
57940,0,10,0,10
58013,0,10,0,10
58041,0,10,0,10
59671,0,10,0,10
60524,0,10,0,10
60555,0,10,0,10
61193,0,10,0,10
61626,0,10,0,10
63328,0,10,0,10
63350,0,10,0,10
65303,0,10,0,10
66268,0,10,0,10
67034,0,10,0,10
13753,0,9,0,9
17574,0,9,0,9
20454,0,9,0,9
20551,0,9,0,9
20706,0,9,0,9
21440,0,9,0,9
21884,9,0,0,9
27785,0,9,0,9
28500,0,9,0,9
32739,0,9,0,9
32775,0,9,0,9
33856,0,9,0,9
34428,0,9,0,9
35279,0,9,0,9
35525,0,9,0,9
35527,0,9,0,9
38513,0,9,0,9
38522,0,9,0,9
39060,0,9,0,9
40657,0,9,0,9
40877,0,9,0,9
41638,0,9,0,9
45361,0,9,0,9
46997,0,9,0,9
51122,0,9,0,9
54303,0,9,0,9
54323,0,9,0,9
57919,0,9,0,9
59941,0,9,0,9
60502,0,9,0,9
60860,0,9,0,9
61829,0,9,0,9
61833,0,9,0,9
64923,0,9,0,9
65474,0,9,0,9
65493,0,9,0,9
65977,0,8,1,9
66122,0,9,0,9
66503,0,9,0,9
66885,0,9,0,9
68007,0,9,0,9
68039,0,9,0,9
9317,0,8,0,8
9356,0,8,0,8
9485,0,8,0,8
13483,0,8,0,8
15008,0,8,0,8
15141,0,8,0,8
15314,0,8,0,8
17729,0,8,0,8
20351,0,8,0,8
20559,0,8,0,8
20625,0,8,0,8
20902,0,7,1,8
21854,0,5,3,8
27948,0,8,0,8
28505,0,8,0,8
28918,0,8,0,8
30229,0,8,0,8
32678,0,8,0,8
32691,0,8,0,8
32727,0,8,0,8
32735,0,8,0,8
32800,0,8,0,8
33867,0,8,0,8
34717,0,6,2,8
34727,0,8,0,8
34728,0,8,0,8
34729,0,8,0,8
34731,0,8,0,8
36628,0,8,0,8
36937,0,8,0,8
38219,0,8,0,8
39062,0,8,0,8
39982,0,8,0,8
40256,0,8,0,8
41621,0,8,0,8
44814,0,8,0,8
45588,0,8,0,8
45619,0,8,0,8
46298,0,8,0,8
46300,0,8,0,8
46707,0,8,0,8
46811,0,8,0,8
47017,0,8,0,8
47373,0,8,0,8
52983,0,8,0,8
53614,0,8,0,8
54655,0,8,0,8
55673,0,8,0,8
57934,0,8,0,8
57948,0,8,0,8
59277,0,8,0,8
61056,0,8,0,8
61230,0,8,0,8
62207,0,8,0,8
62397,0,8,0,8
63307,0,7,1,8
66086,0,8,0,8
66486,0,8,0,8
66621,0,8,0,8
66983,0,8,0,8
66991,0,8,0,8
67111,0,8,0,8
67651,0,8,0,8
67799,0,8,0,8
68328,0,8,0,8
9522,0,6,1,7
13721,0,7,0,7
15009,0,7,0,7
15143,0,7,0,7
15614,0,7,0,7
18594,0,7,0,7
18734,0,7,0,7
18749,0,7,0,7
19281,0,7,0,7
20717,0,7,0,7
21411,0,7,0,7
26910,0,7,0,7
28368,0,7,0,7
28373,0,7,0,7
29666,0,7,0,7
30124,0,7,0,7
32734,0,7,0,7
32745,0,7,0,7
32757,0,7,0,7
32774,0,7,0,7
33829,0,7,0,7
33838,0,7,0,7
35242,0,7,0,7
35526,0,7,0,7
35659,0,7,0,7
36929,0,7,0,7
37422,0,7,0,7
38150,0,7,0,7
38494,0,7,0,7
38642,0,6,1,7
39200,0,7,0,7
39477,0,7,0,7
40257,0,7,0,7
40258,0,7,0,7
44340,0,7,0,7
46955,0,7,0,7
48606,0,7,0,7
49079,0,7,0,7
54391,0,7,0,7
56108,0,7,0,7
56207,0,7,0,7
58955,0,7,0,7
59224,0,5,2,7
60088,0,7,0,7
60445,0,7,0,7
61553,0,7,0,7
62672,0,7,0,7
62952,0,7,0,7
63112,0,7,0,7
63449,0,7,0,7
64627,0,7,0,7
64878,0,7,0,7
65438,0,7,0,7
65887,0,7,0,7
66121,0,7,0,7
66124,0,7,0,7
66151,0,7,0,7
66164,0,7,0,7
66462,0,7,0,7
66485,0,7,0,7
67734,0,7,0,7
68017,0,7,0,7
68707,0,7,0,7
13901,0,6,0,6
18603,0,6,0,6
18607,0,6,0,6
19049,0,6,0,6
19597,0,6,0,6
20585,0,6,0,6
20621,0,6,0,6
20866,0,6,0,6
21424,0,6,0,6
27774,0,6,0,6
27853,0,6,0,6
29025,0,6,0,6
30149,0,6,0,6
30174,0,6,0,6
32659,0,6,0,6
32803,0,6,0,6
32849,0,6,0,6
33475,0,6,0,6
34724,0,6,0,6
34777,0,6,0,6
36955,0,6,0,6
38234,0,6,0,6
38236,0,6,0,6
38238,0,6,0,6
38241,0,6,0,6
38280,0,6,0,6
38493,0,6,0,6
38504,0,5,1,6
38689,0,6,0,6
41171,0,6,0,6
41637,0,6,0,6
43645,0,6,0,6
45491,0,6,0,6
45542,0,6,0,6
47101,0,6,0,6
48841,0,6,0,6
49069,0,6,0,6
50000,0,6,0,6
50393,0,6,0,6
52410,0,4,2,6
52980,0,6,0,6
56226,0,6,0,6
59117,0,6,0,6
59644,0,6,0,6
59666,0,6,0,6
59690,0,6,0,6
60476,0,6,0,6
60481,0,6,0,6
61210,0,6,0,6
61820,0,6,0,6
62098,0,6,0,6
63111,0,6,0,6
63500,0,6,0,6
63854,0,6,0,6
64088,0,6,0,6
64392,0,6,0,6
65778,0,6,0,6
66123,0,6,0,6
66250,0,6,0,6
66487,0,6,0,6
66898,0,6,0,6
67011,0,6,0,6
9300,0,5,0,5
9332,0,5,0,5
13506,0,5,0,5
13936,0,5,0,5
15148,0,5,0,5
15317,0,5,0,5
15374,0,5,0,5
17072,0,5,0,5
18073,0,4,1,5
18473,0,5,0,5
18587,0,5,0,5
18602,0,5,0,5
18736,0,5,0,5
20500,0,5,0,5
20565,0,5,0,5
20852,0,5,0,5
20863,0,5,0,5
20955,0,5,0,5
21409,0,5,0,5
21436,0,5,0,5
29204,0,5,0,5
29338,0,5,0,5
29524,0,5,0,5
29551,0,5,0,5
31200,0,5,0,5
32645,0,5,0,5
32655,0,4,1,5
32680,0,5,0,5
32687,0,5,0,5
32722,0,5,0,5
32729,0,5,0,5
32732,0,5,0,5
32746,0,5,0,5
32779,0,5,0,5
33820,0,5,0,5
33822,0,5,0,5
33855,0,5,0,5
34718,0,5,0,5
34721,0,5,0,5
34737,0,5,0,5
34740,0,4,1,5
35532,0,5,0,5
35642,0,5,0,5
37665,0,4,1,5
38146,0,5,0,5
38223,0,5,0,5
38278,0,5,0,5
38473,0,5,0,5
38674,0,5,0,5
39312,0,5,0,5
40004,0,5,0,5
40211,0,5,0,5
40284,0,5,0,5
43642,0,5,0,5
46337,0,5,0,5
47682,0,5,0,5
48880,0,5,0,5
48961,0,5,0,5
49036,0,5,0,5
49407,0,5,0,5
49410,0,5,0,5
50537,0,5,0,5
50911,0,5,0,5
52620,0,5,0,5
52639,0,5,0,5
53096,0,5,0,5
53605,0,5,0,5
54111,0,5,0,5
55380,0,5,0,5
57922,0,5,0,5
57962,0,5,0,5
58091,0,5,0,5
58297,0,5,0,5
58778,0,5,0,5
59456,0,5,0,5
59547,0,5,0,5
59601,0,5,0,5
59972,0,5,0,5
60482,0,5,0,5
60485,0,5,0,5
60507,0,5,0,5
61125,0,5,0,5
61485,0,5,0,5
62201,0,5,0,5
62558,0,5,0,5
62755,0,5,0,5
62842,0,5,0,5
63283,0,5,0,5
63626,0,5,0,5
64017,0,5,0,5
64608,0,5,0,5
64615,0,5,0,5
64618,0,5,0,5
65328,0,5,0,5
65449,0,5,0,5
65718,0,5,0,5
66104,0,5,0,5
66290,0,5,0,5
66488,0,5,0,5
67232,0,5,0,5
67310,0,5,0,5
67768,0,5,0,5
67769,0,2,3,5
68266,0,5,0,5
68384,0,5,0,5
68598,0,5,0,5
9298,0,4,0,4
13497,0,4,0,4
13500,0,4,0,4
13618,0,4,0,4
13663,0,4,0,4
13718,0,4,0,4
13734,0,4,0,4
13849,0,4,0,4
13896,0,4,0,4
13908,0,4,0,4
14094,0,4,0,4
14101,0,4,0,4
14121,0,4,0,4
15150,0,4,0,4
15293,0,4,0,4
16887,0,4,0,4
17067,0,4,0,4
18468,0,4,0,4
18609,0,4,0,4
20096,0,4,0,4
20614,0,4,0,4
20683,0,4,0,4
20868,0,4,0,4
20904,0,4,0,4
20961,0,4,0,4
22582,0,4,0,4
27044,0,4,0,4
27275,0,4,0,4
27809,0,4,0,4
27971,0,4,0,4
28506,0,4,0,4
28522,0,4,0,4
28971,0,4,0,4
29171,0,4,0,4
30155,0,4,0,4
32643,0,4,0,4
32647,0,4,0,4
32705,0,4,0,4
32723,0,4,0,4
32726,0,4,0,4
32731,0,4,0,4
32736,0,4,0,4
32738,0,4,0,4
32812,0,4,0,4
33089,0,4,0,4
33090,0,4,0,4
33095,0,4,0,4
33097,0,4,0,4
33474,0,4,0,4
33834,0,4,0,4
33841,0,4,0,4
33842,0,4,0,4
33849,0,4,0,4
33854,0,4,0,4
34716,0,4,0,4
34719,0,4,0,4
34720,0,4,0,4
34725,0,4,0,4
34741,0,4,0,4
34807,0,4,0,4
35542,0,4,0,4
35745,0,4,0,4
35809,0,4,0,4
37487,0,4,0,4
37658,0,4,0,4
37672,0,4,0,4
37675,0,4,0,4
38111,0,4,0,4
38227,0,4,0,4
38239,0,4,0,4
38242,0,4,0,4
38244,0,4,0,4
38258,0,4,0,4
38355,0,4,0,4
38470,0,4,0,4
38505,0,4,0,4
39061,0,4,0,4
39303,0,4,0,4
39421,0,4,0,4
40562,0,4,0,4
40569,0,4,0,4
40575,0,4,0,4
40667,0,4,0,4
40694,0,4,0,4
41392,0,4,0,4
41398,0,4,0,4
41634,0,4,0,4
41641,0,4,0,4
45888,0,4,0,4
46665,0,4,0,4
46686,0,4,0,4
46699,0,4,0,4
46776,0,4,0,4
46967,0,4,0,4
48955,0,4,0,4
48996,0,4,0,4
49082,0,4,0,4
49151,0,4,0,4
49626,0,4,0,4
49652,0,3,1,4
49952,0,4,0,4
50529,0,4,0,4
50910,0,4,0,4
51112,0,4,0,4
52389,0,4,0,4
52972,0,4,0,4
53082,0,4,0,4
53617,0,4,0,4
54358,0,4,0,4
54710,0,4,0,4
54889,0,4,0,4
55381,0,4,0,4
56180,0,4,0,4
57926,0,4,0,4
57972,0,4,0,4
58283,0,4,0,4
58963,0,4,0,4
59216,0,4,0,4
59542,0,4,0,4
59595,0,4,0,4
59654,0,4,0,4
59903,0,4,0,4
60514,0,4,0,4
61229,0,4,0,4
61635,0,4,0,4
62222,0,4,0,4
62680,0,4,0,4
63291,0,4,0,4
63390,0,4,0,4
64342,0,4,0,4
64567,0,4,0,4
64606,0,4,0,4
64607,0,4,0,4
64613,0,4,0,4
64616,0,4,0,4
64945,0,4,0,4
64947,0,4,0,4
65899,0,4,0,4
66305,0,4,0,4
66552,0,4,0,4
66841,0,4,0,4
68214,0,4,0,4
68651,0,4,0,4
9362,0,3,0,3
10714,0,3,0,3
13510,0,3,0,3
13518,0,3,0,3
13526,0,3,0,3
13539,0,3,0,3
13829,0,3,0,3
13889,0,3,0,3
14120,0,3,0,3
14763,0,2,1,3
14986,0,3,0,3
17730,0,3,0,3
18219,0,3,0,3
18231,0,3,0,3
18545,0,3,0,3
18583,0,3,0,3
18617,0,3,0,3
18630,0,3,0,3
18899,0,3,0,3
20474,0,3,0,3
20618,0,3,0,3
20908,0,3,0,3
21407,0,3,0,3
21419,0,3,0,3
21454,0,3,0,3
25975,0,3,0,3
26184,0,3,0,3
26442,0,3,0,3
26508,0,3,0,3
26510,0,3,0,3
26512,0,3,0,3
27045,0,3,0,3
28896,0,3,0,3
28948,0,3,0,3
29040,0,3,0,3
29583,0,3,0,3
29584,0,3,0,3
30746,0,3,0,3
30826,0,3,0,3
32657,0,3,0,3
32661,0,3,0,3
32666,0,3,0,3
32669,0,3,0,3
32672,0,3,0,3
32690,0,3,0,3
32700,0,3,0,3
32719,0,2,1,3
32748,0,3,0,3
32756,0,3,0,3
32810,0,3,0,3
32811,0,3,0,3
32813,0,3,0,3
32844,0,3,0,3
32850,0,3,0,3
33088,0,3,0,3
33094,0,3,0,3
33096,0,3,0,3
33102,0,3,0,3
33469,0,3,0,3
33471,0,3,0,3
33478,0,3,0,3
33651,0,3,0,3
33843,0,3,0,3
33845,0,3,0,3
33850,0,3,0,3
34735,0,3,0,3
34816,0,3,0,3
35457,0,3,0,3
35536,0,3,0,3
35661,0,3,0,3
35759,0,3,0,3
36374,0,3,0,3
36629,0,3,0,3
36645,0,3,0,3
36862,0,3,0,3
36893,0,3,0,3
36922,0,3,0,3
38132,0,3,0,3
38138,0,3,0,3
38166,0,3,0,3
38216,0,3,0,3
38218,0,3,0,3
38224,0,3,0,3
38225,0,3,0,3
38228,0,3,0,3
38229,0,3,0,3
38235,0,3,0,3
38246,0,3,0,3
38248,0,3,0,3
38259,0,3,0,3
38273,0,3,0,3
38326,0,3,0,3
38457,0,3,0,3
38483,0,3,0,3
38486,0,3,0,3
38487,0,3,0,3
38871,0,3,0,3
39407,0,3,0,3
39580,0,3,0,3
39988,0,3,0,3
39994,0,3,0,3
40000,0,3,0,3
40551,0,3,0,3
41384,0,3,0,3
41406,0,3,0,3
41603,0,3,0,3
41692,0,3,0,3
45268,0,3,0,3
45394,0,3,0,3
45674,0,3,0,3
45907,0,3,0,3
46281,0,3,0,3
46321,0,3,0,3
46345,0,3,0,3
46777,0,3,0,3
46945,0,3,0,3
46965,0,3,0,3
46968,0,3,0,3
47182,0,3,0,3
48296,0,3,0,3
48824,0,3,0,3
48919,0,3,0,3
49073,0,3,0,3
49076,0,3,0,3
49391,0,3,0,3
49405,0,3,0,3
49409,0,3,0,3
49415,0,3,0,3
49417,0,3,0,3
49437,0,2,1,3
51717,0,3,0,3
52531,0,3,0,3
52979,0,3,0,3
52981,0,3,0,3
53038,0,3,0,3
54100,0,3,0,3
54458,0,3,0,3
54497,0,1,2,3
55732,0,3,0,3
57935,0,3,0,3
57947,0,3,0,3
58412,0,3,0,3
59659,0,3,0,3
59660,0,3,0,3
59676,0,3,0,3
60477,0,3,0,3
60483,0,3,0,3
60489,0,3,0,3
60490,0,3,0,3
60496,0,3,0,3
60497,0,3,0,3
60498,0,3,0,3
60499,0,3,0,3
60500,0,3,0,3
60503,0,3,0,3
60505,0,3,0,3
60517,0,3,0,3
60525,0,3,0,3
60741,0,3,0,3
61340,0,3,0,3
61538,0,3,0,3
61606,0,3,0,3
61658,0,3,0,3
61663,0,3,0,3
62038,0,3,0,3
62151,0,3,0,3
62486,0,3,0,3
62895,0,2,1,3
63330,0,3,0,3
64614,0,3,0,3
64861,0,3,0,3
65744,0,3,0,3
65966,0,3,0,3
66067,0,3,0,3
66115,0,2,1,3
66302,0,3,0,3
66317,0,3,0,3
66951,0,3,0,3
67558,0,3,0,3
68052,0,3,0,3
68087,0,3,0,3
68834,0,3,0,3
9432,0,2,0,2
12985,0,2,0,2
13256,0,2,0,2
13314,0,2,0,2
13502,0,2,0,2
13514,0,2,0,2
13516,0,2,0,2
13517,0,2,0,2
14058,0,2,0,2
14073,0,2,0,2
14093,0,2,0,2
14764,0,2,0,2
14981,0,2,0,2
17170,0,2,0,2
17936,0,2,0,2
18076,0,2,0,2
18263,0,2,0,2
18272,0,2,0,2
18647,0,2,0,2
18732,0,2,0,2
18740,0,2,0,2
18754,0,2,0,2
18795,0,2,0,2
20106,0,2,0,2
20477,0,2,0,2
20503,0,2,0,2
20604,0,2,0,2
20679,0,2,0,2
20844,0,2,0,2
20864,0,2,0,2
20892,0,2,0,2
25950,0,2,0,2
27846,0,2,0,2
28359,0,2,0,2
28987,0,2,0,2
29011,0,2,0,2
29031,0,2,0,2
29518,0,2,0,2
29521,0,2,0,2
29523,0,2,0,2
29585,0,2,0,2
30107,0,2,0,2
30858,0,2,0,2
32644,0,2,0,2
32651,0,2,0,2
32656,0,2,0,2
32662,0,2,0,2
32682,0,2,0,2
32686,0,2,0,2
32692,0,2,0,2
32704,0,2,0,2
32712,0,2,0,2
32733,0,2,0,2
32741,0,2,0,2
32742,0,2,0,2
32799,0,2,0,2
32815,0,2,0,2
32818,0,2,0,2
32834,0,2,0,2
32835,0,2,0,2
32847,0,2,0,2
33091,0,2,0,2
33092,0,2,0,2
33093,0,2,0,2
33322,0,2,0,2
33466,0,2,0,2
33468,0,2,0,2
33479,0,2,0,2
33661,0,2,0,2
33761,0,2,0,2
33824,0,2,0,2
33826,0,2,0,2
33860,0,2,0,2
33869,0,2,0,2
34481,0,2,0,2
34726,0,2,0,2
34736,0,2,0,2
35282,0,2,0,2
36888,0,2,0,2
36948,0,2,0,2
36974,0,2,0,2
37214,0,2,0,2
37379,0,2,0,2
37617,0,2,0,2
37649,0,2,0,2
37671,0,2,0,2
38130,0,2,0,2
38141,0,2,0,2
38217,0,2,0,2
38220,0,2,0,2
38230,0,2,0,2
38237,0,2,0,2
38243,0,2,0,2
38251,0,2,0,2
38256,0,2,0,2
38309,0,2,0,2
38465,0,2,0,2
38498,0,2,0,2
38539,0,2,0,2
38720,0,2,0,2
38947,0,2,0,2
39313,0,2,0,2
39833,0,2,0,2
39984,0,2,0,2
39987,0,2,0,2
39989,0,2,0,2
39990,0,2,0,2
39996,0,2,0,2
40002,0,2,0,2
40561,0,2,0,2
40757,0,2,0,2
40890,0,2,0,2
40963,0,2,0,2
41170,0,2,0,2
41591,0,2,0,2
41635,0,2,0,2
41677,0,2,0,2
41885,0,2,0,2
45314,0,2,0,2
45504,0,2,0,2
45505,0,2,0,2
45607,0,2,0,2
45682,0,2,0,2
45784,0,0,2,2
45871,0,2,0,2
46077,0,2,0,2
46315,0,2,0,2
46722,0,2,0,2
46859,0,2,0,2
46947,0,2,0,2
46948,0,2,0,2
46972,0,2,0,2
47291,0,2,0,2
48472,0,2,0,2
48842,0,2,0,2
48965,0,2,0,2
49027,0,2,0,2
49406,0,2,0,2
49408,0,2,0,2
49672,0,2,0,2
49867,0,2,0,2
50343,0,1,1,2
53097,0,2,0,2
53475,0,2,0,2
54472,0,2,0,2
54885,0,2,0,2
55179,0,2,0,2
55491,0,2,0,2
55666,0,2,0,2
57928,0,2,0,2
58005,0,2,0,2
58750,0,2,0,2
58957,0,2,0,2
59135,0,2,0,2
59270,0,2,0,2
59408,0,2,0,2
59648,0,2,0,2
59675,0,2,0,2
59681,0,2,0,2
59789,0,2,0,2
59790,0,2,0,2
60478,0,2,0,2
60484,0,2,0,2
60492,0,2,0,2
60501,0,2,0,2
60518,0,2,0,2
60519,0,2,0,2
60520,0,2,0,2
60521,0,2,0,2
60740,0,2,0,2
61127,0,2,0,2
61267,0,2,0,2
61272,0,2,0,2
61335,0,2,0,2
61854,0,2,0,2
61981,0,2,0,2
62021,0,2,0,2
62039,0,2,0,2
62074,0,2,0,2
62097,0,2,0,2
62199,0,2,0,2
62266,0,2,0,2
62315,0,2,0,2
62355,0,2,0,2
62447,0,2,0,2
62722,0,2,0,2
63004,0,2,0,2
63043,0,2,0,2
63367,0,2,0,2
63538,0,2,0,2
63768,0,2,0,2
64217,0,2,0,2
64229,0,2,0,2
64288,0,2,0,2
64609,0,2,0,2
64780,0,2,0,2
64793,0,2,0,2
65027,0,2,0,2
65276,0,2,0,2
65531,0,2,0,2
65651,0,2,0,2
65779,0,2,0,2
66213,0,2,0,2
66517,0,2,0,2
66816,0,2,0,2
66955,0,2,0,2
67241,0,2,0,2
67304,0,2,0,2
67592,0,2,0,2
67748,0,2,0,2
68043,0,2,0,2
68095,0,2,0,2
68097,0,2,0,2
68317,0,2,0,2
68329,0,0,2,2
68342,0,2,0,2
68348,0,2,0,2
68588,0,2,0,2
68836,0,2,0,2
9329,0,1,0,1
9375,0,1,0,1
9446,0,1,0,1
13509,0,1,0,1
13543,0,1,0,1
13813,0,1,0,1
13871,0,1,0,1
14757,0,1,0,1
14776,0,1,0,1
15139,0,1,0,1
18233,0,1,0,1
18524,0,1,0,1
18613,0,1,0,1
18637,0,1,0,1
18737,0,1,0,1
18741,0,1,0,1
18772,0,1,0,1
19278,0,1,0,1
19280,0,1,0,1
20479,0,1,0,1
20486,0,1,0,1
20622,0,1,0,1
20903,0,1,0,1
20972,0,1,0,1
28916,0,1,0,1
29222,0,1,0,1
29371,0,1,0,1
31206,0,1,0,1
31246,0,1,0,1
32648,0,1,0,1
32671,0,1,0,1
32673,0,1,0,1
32675,0,1,0,1
32677,0,1,0,1
32703,0,1,0,1
32706,0,1,0,1
32730,0,1,0,1
32744,0,1,0,1
32816,0,1,0,1
32833,0,1,0,1
33467,0,1,0,1
33470,0,1,0,1
33472,0,1,0,1
33476,0,1,0,1
33480,0,1,0,1
33498,0,1,0,1
33821,0,1,0,1
33825,0,1,0,1
33844,0,1,0,1
33851,0,1,0,1
33859,0,1,0,1
34639,0,1,0,1
34722,0,1,0,1
34746,0,1,0,1
34792,0,1,0,1
35232,0,1,0,1
35584,0,1,0,1
35836,0,1,0,1
36371,0,1,0,1
36570,0,1,0,1
36934,0,1,0,1
36965,0,1,0,1
37414,0,1,0,1
37615,0,1,0,1
37669,0,1,0,1
38276,0,1,0,1
38342,0,1,0,1
38476,0,1,0,1
38497,0,1,0,1
39332,0,1,0,1
39357,0,1,0,1
39998,0,1,0,1
40305,0,1,0,1
40323,0,1,0,1
40382,0,1,0,1
40693,0,1,0,1
41176,0,1,0,1
41178,0,1,0,1
41338,0,1,0,1
41340,0,1,0,1
41412,0,1,0,1
43644,0,1,0,1
45495,0,1,0,1
45553,0,1,0,1
45604,0,1,0,1
46365,0,1,0,1
46683,0,1,0,1
46730,0,1,0,1
46795,0,1,0,1
46907,0,1,0,1
46936,0,1,0,1
46969,0,1,0,1
46970,0,1,0,1
46971,0,1,0,1
46973,0,1,0,1
47062,0,1,0,1
48229,0,1,0,1
48569,0,1,0,1
48957,0,1,0,1
49328,0,1,0,1
49403,0,1,0,1
49411,0,1,0,1
49593,0,1,0,1
49721,0,1,0,1
49737,0,1,0,1
50309,0,1,0,1
50919,0,1,0,1
50924,0,1,0,1
51456,0,1,0,1
51690,0,1,0,1
51810,0,1,0,1
52196,0,1,0,1
52197,0,1,0,1
52479,0,1,0,1
52480,0,1,0,1
52883,0,1,0,1
53613,0,1,0,1
53766,0,1,0,1
54099,0,1,0,1
55231,0,1,0,1
55950,0,1,0,1
57996,0,1,0,1
58699,0,1,0,1
58832,0,1,0,1
58961,0,1,0,1
59106,0,1,0,1
59264,0,1,0,1
59638,0,1,0,1
59702,0,1,0,1
60493,0,1,0,1
60506,0,1,0,1
60523,0,1,0,1
60528,0,1,0,1
60647,0,1,0,1
60739,0,1,0,1
60834,0,1,0,1
60841,0,1,0,1
61082,0,1,0,1
61214,0,1,0,1
62025,0,1,0,1
62762,0,1,0,1
63041,0,1,0,1
63150,0,1,0,1
63372,0,0,1,1
63452,0,1,0,1
64071,0,1,0,1
64137,0,1,0,1
64265,0,1,0,1
64356,0,1,0,1
64361,0,1,0,1
64374,0,1,0,1
64512,0,1,0,1
64513,0,1,0,1
64611,0,1,0,1
64617,0,1,0,1
64619,0,1,0,1
64620,0,1,0,1
64624,0,1,0,1
64704,0,1,0,1
64781,0,1,0,1
64881,0,1,0,1
65121,0,1,0,1
65374,0,1,0,1
65649,0,1,0,1
65650,0,1,0,1
65762,0,1,0,1
66214,0,1,0,1
66404,0,1,0,1
66619,0,1,0,1
66997,0,1,0,1
67012,0,1,0,1
67072,0,1,0,1
67303,0,1,0,1
67393,0,1,0,1
67742,0,1,0,1
67944,0,1,0,1
68121,0,1,0,1
68130,0,1,0,1
68337,0,1,0,1
68403,0,1,0,1
68557,0,1,0,1
